-10   -10   5.95796
-10   -9   5.38495
-10   -8   4.85643
-10   -7   4.37241
-10   -6   3.93287
-10   -5   3.53781
-10   -4   3.18725
-10   -3   2.88118
-10   -2   2.61959
-10   -1   2.4025
-10   0   2.22989
-10   1   2.10177
-10   2   2.01814
-10   3   1.979
-10   4   1.98435
-10   5   2.03419
-10   6   2.12852
-10   7   2.26733
-10   8   2.45064
-10   9   2.67843
-10   10   2.95071
-9   -10   5.38392
-9   -9   4.82595
-9   -8   4.31246
-9   -7   3.84347
-9   -6   3.41897
-9   -5   3.03895
-9   -4   2.70343
-9   -3   2.41239
-9   -2   2.16584
-9   -1   1.96378
-9   0   1.80621
-9   1   1.69313
-9   2   1.62454
-9   3   1.60043
-9   4   1.62082
-9   5   1.68569
-9   6   1.79505
-9   7   1.94891
-9   8   2.14725
-9   9   2.39008
-9   10   2.67739
-8   -10   4.85447
-8   -9   4.31154
-8   -8   3.81309
-8   -7   3.35914
-8   -6   2.94967
-8   -5   2.58469
-8   -4   2.2642
-8   -3   1.9882
-8   -2   1.75669
-8   -1   1.56967
-8   0   1.42713
-8   1   1.32909
-8   2   1.27553
-8   3   1.26646
-8   4   1.30188
-8   5   1.38179
-8   6   1.50619
-8   7   1.67508
-8   8   1.88845
-8   9   2.14632
-8   10   2.44867
-7   -10   4.36963
-7   -9   3.84173
-7   -8   3.35832
-7   -7   2.9194
-7   -6   2.52497
-7   -5   2.17503
-7   -4   1.86957
-7   -3   1.60861
-7   -2   1.39213
-7   -1   1.22015
-7   0   1.09265
-7   1   1.00964
-7   2   0.971117
-7   3   0.977086
-7   4   1.02754
-7   5   1.12249
-7   6   1.26192
-7   7   1.44585
-7   8   1.67426
-7   9   1.94716
-7   10   2.26455
-6   -10   3.92938
-6   -9   3.41652
-6   -8   2.94814
-6   -7   2.52426
-6   -6   2.14486
-6   -5   1.80996
-6   -4   1.51954
-6   -3   1.27361
-6   -2   1.07217
-6   -1   0.915223
-6   0   0.802761
-6   1   0.734788
-6   2   0.711304
-6   3   0.732309
-6   4   0.797802
-6   5   0.907784
-6   6   1.06226
-6   7   1.26122
-6   8   1.50466
-6   9   1.7926
-6   10   2.12503
-5   -10   3.53373
-5   -9   3.0359
-5   -8   2.58257
-5   -7   2.17372
-5   -6   1.80936
-5   -5   1.48949
-5   -4   1.21411
-5   -3   0.983216
-5   -2   0.796813
-5   -1   0.654899
-5   0   0.557473
-5   1   0.504536
-5   2   0.496088
-5   3   0.532129
-5   4   0.612659
-5   5   0.737678
-5   6   0.907185
-5   7   1.12118
-5   8   1.37967
-5   9   1.68264
-5   10   2.0301
-4   -10   3.18267
-4   -9   2.69989
-4   -8   2.26159
-4   -7   1.86777
-4   -6   1.51845
-4   -5   1.21362
-4   -4   0.953273
-4   -3   0.737417
-4   -2   0.56605
-4   -1   0.439172
-4   0   0.356783
-4   1   0.318882
-4   2   0.32547
-4   3   0.376548
-4   4   0.472114
-4   5   0.612168
-4   6   0.796712
-4   7   1.02574
-4   8   1.29927
-4   9   1.61728
-4   10   1.97978
-3   -10   2.87622
-3   -9   2.40847
-3   -8   1.9852
-3   -7   1.60643
-3   -6   1.27214
-3   -5   0.982344
-3   -4   0.737036
-3   -3   0.536216
-3   -2   0.379885
-3   -1   0.268043
-3   0   0.20069
-3   1   0.177826
-3   2   0.199451
-3   3   0.265564
-3   4   0.376166
-3   5   0.531257
-3   6   0.730837
-3   7   0.974906
-3   8   1.26346
-3   9   1.59651
-3   10   1.97405
-2   -10   2.61436
-2   -9   2.16165
-2   -8   1.75342
-2   -7   1.38968
-2   -6   1.07043
-2   -5   0.795669
-2   -4   0.565396
-2   -3   0.379613
-2   -2   0.238318
-2   -1   0.141513
-2   0   0.0891957
-2   1   0.0813676
-2   2   0.118028
-2   3   0.199178
-2   4   0.324817
-2   5   0.494944
-2   6   0.70956
-2   7   0.968665
-2   8   1.27226
-2   9   1.62034
-2   10   2.01291
-1   -10   2.3971
-1   -9   1.95942
-1   -8   1.56623
-1   -7   1.21753
-1   -6   0.913316
-1   -5   0.653591
-1   -4   0.438355
-1   -3   0.267607
-1   -2   0.141349
-1   -1   0.0595796
-1   0   0.0222989
-1   1   0.0295071
-1   2   0.0812041
-1   3   0.17739
-1   4   0.318065
-1   5   0.503228
-1   6   0.732881
-1   7   1.00702
-1   8   1.32565
-1   9   1.68877
-1   10   2.09638
0   -10   2.22444
0   -9   1.8018
0   -8   1.42364
0   -7   1.08998
0   -6   0.800799
0   -5   0.556111
0   -4   0.355911
0   -3   0.2002
0   -2   0.0889777
0   -1   0.0222444
0   0   0
0   1   0.0222444
0   2   0.0889777
0   3   0.2002
0   4   0.355911
0   5   0.556111
0   6   0.800799
0   7   1.08998
0   8   1.42364
0   9   1.8018
0   10   2.22444
1   -10   2.09638
1   -9   1.68877
1   -8   1.32565
1   -7   1.00702
1   -6   0.732881
1   -5   0.503228
1   -4   0.318065
1   -3   0.17739
1   -2   0.0812041
1   -1   0.0295071
1   0   0.0222989
1   1   0.0595796
1   2   0.141349
1   3   0.267607
1   4   0.438355
1   5   0.653591
1   6   0.913316
1   7   1.21753
1   8   1.56623
1   9   1.95942
1   10   2.3971
2   -10   2.01291
2   -9   1.62034
2   -8   1.27226
2   -7   0.968665
2   -6   0.70956
2   -5   0.494944
2   -4   0.324817
2   -3   0.199178
2   -2   0.118028
2   -1   0.0813676
2   0   0.0891957
2   1   0.141513
2   2   0.238318
2   3   0.379613
2   4   0.565396
2   5   0.795669
2   6   1.07043
2   7   1.38968
2   8   1.75342
2   9   2.16165
2   10   2.61436
3   -10   1.97405
3   -9   1.59651
3   -8   1.26346
3   -7   0.974906
3   -6   0.730837
3   -5   0.531257
3   -4   0.376166
3   -3   0.265564
3   -2   0.199451
3   -1   0.177826
3   0   0.20069
3   1   0.268043
3   2   0.379885
3   3   0.536216
3   4   0.737036
3   5   0.982344
3   6   1.27214
3   7   1.60643
3   8   1.9852
3   9   2.40847
3   10   2.87622
4   -10   1.97978
4   -9   1.61728
4   -8   1.29927
4   -7   1.02574
4   -6   0.796712
4   -5   0.612168
4   -4   0.472114
4   -3   0.376548
4   -2   0.32547
4   -1   0.318882
4   0   0.356783
4   1   0.439172
4   2   0.56605
4   3   0.737417
4   4   0.953273
4   5   1.21362
4   6   1.51845
4   7   1.86777
4   8   2.26159
4   9   2.69989
4   10   3.18267
5   -10   2.0301
5   -9   1.68264
5   -8   1.37967
5   -7   1.12118
5   -6   0.907185
5   -5   0.737678
5   -4   0.612659
5   -3   0.532129
5   -2   0.496088
5   -1   0.504536
5   0   0.557473
5   1   0.654899
5   2   0.796813
5   3   0.983216
5   4   1.21411
5   5   1.48949
5   6   1.80936
5   7   2.17372
5   8   2.58257
5   9   3.0359
5   10   3.53373
6   -10   2.12503
6   -9   1.7926
6   -8   1.50466
6   -7   1.26122
6   -6   1.06226
6   -5   0.907784
6   -4   0.797802
6   -3   0.732309
6   -2   0.711304
6   -1   0.734788
6   0   0.802761
6   1   0.915223
6   2   1.07217
6   3   1.27361
6   4   1.51954
6   5   1.80996
6   6   2.14486
6   7   2.52426
6   8   2.94814
6   9   3.41652
6   10   3.92938
7   -10   2.26455
7   -9   1.94716
7   -8   1.67426
7   -7   1.44585
7   -6   1.26192
7   -5   1.12249
7   -4   1.02754
7   -3   0.977086
7   -2   0.971117
7   -1   1.00964
7   0   1.09265
7   1   1.22015
7   2   1.39213
7   3   1.60861
7   4   1.86957
7   5   2.17503
7   6   2.52497
7   7   2.9194
7   8   3.35832
7   9   3.84173
7   10   4.36963
8   -10   2.44867
8   -9   2.14632
8   -8   1.88845
8   -7   1.67508
8   -6   1.50619
8   -5   1.38179
8   -4   1.30188
8   -3   1.26646
8   -2   1.27553
8   -1   1.32909
8   0   1.42713
8   1   1.56967
8   2   1.75669
8   3   1.9882
8   4   2.2642
8   5   2.58469
8   6   2.94967
8   7   3.35914
8   8   3.81309
8   9   4.31154
8   10   4.85447
9   -10   2.67739
9   -9   2.39008
9   -8   2.14725
9   -7   1.94891
9   -6   1.79505
9   -5   1.68569
9   -4   1.62082
9   -3   1.60043
9   -2   1.62454
9   -1   1.69313
9   0   1.80621
9   1   1.96378
9   2   2.16584
9   3   2.41239
9   4   2.70343
9   5   3.03895
9   6   3.41897
9   7   3.84347
9   8   4.31246
9   9   4.82595
9   10   5.38392
10   -10   2.95071
10   -9   2.67843
10   -8   2.45064
10   -7   2.26733
10   -6   2.12852
10   -5   2.03419
10   -4   1.98435
10   -3   1.979
10   -2   2.01814
10   -1   2.10177
10   0   2.22989
10   1   2.4025
10   2   2.61959
10   3   2.88118
10   4   3.18725
10   5   3.53781
10   6   3.93287
10   7   4.37241
10   8   4.85643
10   9   5.38495
10   10   5.95796
