FiniteElementSpace
FiniteElementCollection: H1_3D_P1
VDim: 1
Ordering: 0

0
0
1
1
1
1
1
1
1
1
1
-1
-1
-1
-1
-1
1
1
1
1
0
1
1
1
-1
-1
1
0
0
0
0
0
0
0
0
0
0
0
0
0
0
0
0
0
0
0
0
0
0
0
0
0
1
1
1
1
1
1
1
1
1
1
1
1
1
1
1
1
-1
-1
-1
-1
-1
-1
-1
-1
-1
-1
1
1
1
1
0
0
0
1
1
1
1
1
1
1
1
1
-1
-1
-1
-1
1
1
1
0
0
0
0
0
0
0
0
0
0
0
0
0
0
0
0.19548995
0.52256224
0.51630887
0.11676043
-0.02869888
0.015772686
0.65047185
0.095065769
-0.010172034
-0.2841755
-0.10027258
0.32187196
0.7303182
0.3224613
0.36383667
0.5103084
0.28855057
-0.20435456
0.77602412
0.73134994
0.62985251
0.30322914
0.96171632
-0.30644811
-0.29480247
0.24308504
0.014033927
1
-1
1
1
1
-1
-1
1
1
1
1
1
0
0
0
0
0
0
0
0
0
0
0
0
0
0
0
0
0
0
0
0
0
0
0
0
0
0
0
0
0
0
0
0
0
0
0
0
0
0
0
0
0
0
0
0
0
0
0
0
1
1
1
1
1
1
1
1
1
1
1
1
1
1
1
1
1
-1
-1
-1
-1
-1
-1
-1
-1
-1
-1
-1
-1
-1
-1
1
1
1
1
1
1
1
0.12607686
0.38996036
0.20556524
0.1932404
0.19909593
-0.032813452
0.052335796
0.17634133
0.24428
0.45611592
0.16161591
0.40136313
0.4800704
0.16440688
0.66083017
0.36131101
0.1372436
0.14196685
0.29604523
-0.16361801
0.42798007
0.070107409
0.25289368
0.35606537
0.2106561
0.54623111
0.056154301
0.077581635
-0.0070055013
0.57773823
0.34649921
0.20966171
0.22878454
0.27337017
-0.11514677
0.1152287
0.69389191
0.32096209
-0.12316722
0.14703641
0.045407334
0.31640226
0.28860968
0.73504889
-0.27015712
-0.26445763
0.18740303
0.29630858
0.51669147
-0.23428964
0.088815995
0.34241376
0.3645608
0.33217165
0.37478361
-0.092725935
0.28588095
-0.51628508
-0.51531412
0
0
0
-0.49845529
0
-0.53815256
0
0
0
0
0
0
0
0
0
0
0
0.91379975
1
1
1
0.72348454
0.7978355
1
1
1
0.72203851
0.55903943
0.40081025
1
1
1
0.050692075
0.47711746
1
1
0.4503032
0.43424915
1
1
1
0.11135421
0.06382076
0.53867044
1
1
0.50793831
0.54805623
1
1
1
0.41775338
0.43945865
0.39515478
1
1
1
0.37787892
0.59109849
0.56097923
0.40351021
1
1
1
0.8427216
0.83129859
0.78700976
1
1
1
0.61762143
0.42601857
0.81745349
0.34810639
1
1
1
0.059151531
0.52982162
1
1
0.38613359
0.39401944
1
1
1
0.12754056
0.018957906
0.67241221
1
1
0.35846754
0.48962467
0.94915304
1
1
0.91124908
1
0.86174911
1
1
1
0.69863519
0.81573811
0.60333036
1
1
-0.11592773
-0.22732554
1
1
-0.72103526
0.45497494
0.092498924
-1
-1
-0.99955076
-1
-1
-0.30988665
-0.38046019
-1
-0.74432551
-1
-1
-1
-0.41714335
-0.41361254
-0.51552896
-1
-1
-1
-0.18470124
-0.23910036
-0.10855415
-0.27179917
0.087086871
-0.60981927
-1
-1
-0.038129553
-1
-0.40581537
-1
-1
-1
-0.092384027
-0.093482145
-0.14554653
-0.17960019
0.28012016
-0.090594933
-0.022387436
-1
-1
-1
-0.093329323
-0.53747817
-1
-0.096754742
-1
-0.36875077
-0.095835609
-0.018489991
-1
-1
-1
-0.085494116
-0.56189578
-1
-0.098616682
-1
-0.41313821
1
1
1
0.3115589
0.15773356
1
1
1
0.011997079
0.33573075
0.59704349
1
1
1
0.70236449
0.86112625
0.78831638
0.74511345
1
1
0.63930423
0.58024112
0.66748534
0.13004475
0.49194205
1
1
1
0.047472987
0.50687372
1
0.12875215
1
0.32433823
0.49389552
0.19119956
1
1
1
0.082371885
0.45143731
1
0.18458978
1
0
0
0
0
0
0.068752404
0.029869753
0.064127487
0.034160252
1
1
1
1
1
1
0.69441999
0.58270594
1
1
1
1
1
1
0.71028102
0.73735169
0.82249076
0.85499784
1
1
1
1
1
1
0.50189411
0.74667047
0.48830682
0.8216221
-1
-1
-1
-1
-1
-1
-0.18432097
0.0078780741
-0.099609075
-0.50106693
-1
-1
-1
-1
-1
-0.35351699
-0.56402755
-0.53740888
-0.35700918
1
1
1
1
1
0.59321443
0.53507886
0.53498038
0
0
0
-0.11065996
-0.044153452
0
0
0
0
0
0.11423238
0.056674276
0
0
0.12796047
0
0.48619969
0.50161352
0
0
0
0
0
0
0
0.17851114
0
0
0.35099241
0.21271898
0
0
0
0.11465691
0.11441156
0.14010218
0
0
0.15117946
0.12771918
0
0.4200168
0.42107285
0.3293139
0
0
0.2527224
0
0
0.22045992
0
0.4547376
0.38336114
0
0
0.36820624
0
0
0
0
0
0.22938609
0.12041451
0.15418399
0
0
0.20780425
0.20711994
0.18471237
0
0.52277717
0.40306143
0
0
0.21564996
0
0
0.28275412
0
0.43844369
0.42419948
0.4095287
0
0
0.34153528
0
0
0
0
0
0.018365631
0.070471555
0
0
0
0
-0.094821046
-0.10569677
0
0
-0.13764137
-0.034758426
0
0
0
0
-0.012046123
-0.061191125
0
0
0
0
0
0
0
0
0
0
0
0
0
0
0
0
0
0
0
0
0
0
0
0
0
0
0
0
0
0
0
0
0
0
0
0
0
0
0
0
0
0
0
0
0
0
0
0
0
0
0
0
0
0
0
0
0
0
0.69773487
0.60609873
1
1
1
1
1
0.43356908
0.71399266
0.50831712
0.56041529
0.64113109
0.59054258
1
1
0.084015546
1
0.50229031
0.53358924
0.55713566
1
1
1
1
1
0.57505495
0.41689903
1
0.86046983
0.61311585
0.1607442
1
0.30658633
0.49391903
1
1
0.67415346
0.32525847
0.59395697
0.94351356
0.96370692
1
0.94981395
0.9520413
1
1
1
0.94895891
0.95609931
0.68272837
0.78663409
1
0.64667351
0.77262988
0.51561583
1
1
1
1
1
0.37486625
0.61164868
0.5383658
0.50116872
0.67833842
0.59869076
1
1
0.10080811
1
0.45284202
0.58610902
0.78666225
0.69549157
1
1
1
1
1
0.45533184
0.56743407
0.58989082
0.54464675
0.61015137
1
0.98699021
1
0.96610392
1
1
1
0.99037316
0.98051423
0.79613965
0.94593334
0.9905509
0.99276316
1
0.86527361
1
1
0.96374611
0.67136323
0.79318496
1
0.41972428
1
0.28082856
0.60018255
1
1
-0.086454799
0.53687472
1
0.76260531
0.80645404
1
1
1
0.61548284
1
1
0.98759828
1
1
0.6601324
0.78117737
1
0.97714606
1
0.99047221
1
1
0.7842482
1
0.97402727
1
0.88268307
0.92617493
1
1
0.62418934
0.49784206
0.63278052
0.77483273
0.49757965
1
0.42456268
1
1
-0.079835657
0.53596733
0.29668352
-1
-0.98071121
-0.18433127
-1
-0.67251959
-1
-1
0.28263083
0.22731381
-0.1876987
-1
0.060397254
-0.41302493
-1
-1
-1
-0.024917909
-1
0.45048386
-0.33702944
-1
-1
-1
0.42599134
0.036802712
-0.088369193
-1
0.41812831
-0.17773078
-1
0.784245
-1
-1
0.077799748
-1
-0.28811028
-0.44292493
-1
0.43809657
-1
-1
-0.059301887
-0.98402621
-1
-0.39807978
-1
-1
-0.88799824
-0.81618925
-0.22520972
-0.99713908
-1
-1
-1
-0.070672552
-0.31573396
-0.38545045
-1
-0.62967885
-0.38741261
-0.56777683
-1
-1
-1
-1
-1
-1
-1
-0.22955098
-0.43224758
-0.50349192
-1
-1
-0.398849
-0.63607775
-0.57653691
-1
-1
-1
-1
-1
-1
-0.26945524
-0.45230212
-0.4305432
1
0.19643268
0.64139779
1
-0.35638893
-0.18449453
1
1
0.26351392
0.54817749
0.47227111
0.5013206
1
1
1
1
1
0.36333246
0.68389595
0.63350327
1
0.11159242
0.094386303
1
0.27888152
0.64009084
0.57943254
1
1
1
1
1
0.4221268
0.58067073
0.71213581
0.55670532
0
-0.11407089
0
0
0
0
-0.29114085
-0.27704336
-0.33569663
-0.13820812
-0.17266171
-0.15838245
0
0
0
0
0
-0.021697445
-0.047168236
-0.062078889
-0.0056820682
0
0
0
0
0.015689186
0.025290857
1
0.57665896
0.25917309
0.10534616
0.037017771
1
0.38015372
0.5490778
0.23417611
0.087983252
1
0.44835566
0.49793769
0.58741991
1
1
0.29557225
0.47492898
0.35812329
0.56629924
0.875526
0.73548745
0.83270073
1
1
0.74522034
0.54266768
0.61890052
1
0.61806426
0.05295451
0.24367991
1
0.58428381
0.17786416
1
0.88442425
0.88913596
1
1
0.76566989
0.85307789
0.86409086
0.83269122
0.79554806
1
1
0.72360847
0.85840681
0.6835138
1
1
0.032675428
-0.14751662
-0.16601459
0.35854437
0.31698732
-0.77167013
-1
-1
-0.86340639
-0.30820183
-0.57981275
-0.45078623
-0.57961131
-1
-1
-0.91699794
0.077283518
-0.1452328
-0.3011274
-0.29333595
-0.45345536
-0.53422178
-1
-1
-1
-0.29195118
-0.54347844
-0.11237748
-0.11108375
-1
-1
0.73917832
0.86271853
0.80482006
0.78955353
1
1
0.67017051
0.46245234
0.65099449
0.69115922
0.64058529
0.60134174
0.40560657
0.22203673
1
1
1
0.049862345
0.52067098
0.5436455
0.22888299
0.14499593
0.13213368
1
1
1
0.55174032
0
0
0.19652173
0.02571527
0.12036172
0.14980233
0.098642279
0
0
0
-0.026478792
0.035230917
0.00753726
0.0079260294
0.0029398965
0.039573121
0
0
0
-0.029086775
0.023243329
-0.045514744
0.01034893
0.00024641497
0.00048205825
-0.050931549
0.023085454
0
0
0.16838311
0.087760509
0.021319974
0.024008574
0.11433815
0.11681556
0.085561949
0
0
0.091983914
0.1031276
0.021434052
0.11267603
0.087224296
0
0.15518334
0.25529423
0.038580303
0.02506224
0.025005216
0.12881637
0.15403572
0
0.023903356
0.12382343
0.088820526
0.091930654
0.19485067
0.068925134
0.018471138
0.017520941
0.10202968
0.073027217
0.057211129
0.1216254
0.096575056
0.17690748
0.015555443
0.015202263
0.11083642
0.08392763
0.033966371
0.022681171
0.023848497
0.089459771
0.060748813
0.067744469
0.036857614
0.025578822
0.025054718
0.10771712
0
-0.0055731308
8.7788953e-05
-0.031905312
-0.047892811
0
-0.0094024279
-0.0038432909
-0.046357602
-0.052888736
-0.13806523
-0.12096204
-0.12932145
-0.091569014
-0.13239573
0.13915027
-0.017896919
-0.0061445709
0.29396921
0.62623285
0.1040175
0.3941182
0.18027966
0.22085344
0.42653261
0.61423913
0.54849432
0.41398292
0.74996223
0.33751494
0.51404277
0.45157302
0.55530947
0.60761502
0.42448145
0.4041503
0.75589815
0.38797796
0.65684733
0.46291646
0.44954002
0.44188059
0.46378304
0.015105536
-0.12778228
0.21937355
0.046404537
0.024351475
0.53694195
0.19412922
-0.028189232
0.31587168
0.36159964
0.0090961701
0.48356435
-0.45210367
-0.38409808
-0.45410021
-0.0040955698
0.028343083
0.45747244
0.45811878
-0.47059478
0.46331958
0.092607498
0.75005224
0.73178742
0.20663441
0.76389064
0.54388808
0.3765001
0.57757203
0.47748197
0.74848586
0.68562976
0.54602584
-0.45145564
0.14015672
-0.21658508
-0.34604595
0.045518021
0.020305359
0.38122284
0.026368209
-0.26784546
-0.18138187
-0.61930876
-0.024063716
-0.30078116
-0.16967125
0.061506546
-0.36069671
-0.32600985
0.084482794
-0.20286942
-0.031270014
0.051805891
-0.02153584
-0.22927176
0.047636067
-0.20971055
0.29324557
0.12105472
0.52915624
0.33600987
0.26000608
0.44078064
0.33861842
0.89174734
0.54668359
0.77223189
0.54006997
0.13200299
0.72185708
0.38047473
0.38815354
0.33104174
0.12495778
0.30427772
0.71141732
0.33420791
0.36409611
0.44928229
0.13544024
0.70578053
0.33699385
0.4227767
0.39251697
0.11298348
0.71261365
0.18135106
0.40161966
0.24334866
-0.32593272
-0.69937786
-0.021588081
-0.13981682
0.13912342
-0.21598164
-0.21153869
0.75744638
0.88194137
0.82403961
0.84683079
0.64116998
0.56587396
0.74092845
0.73213913
0.80038249
0.67491718
0.5862212
0.39729874
0.55138922
0.74263914
0.71576508
0.64091915
0.45469183
0.81823333
0.35746151
0.46652927
0.59826247
0.15260253
0.14003253
0.27892577
0.30989825
0.3457679
0.32238046
0.45418493
0.97269834
0.98245036
0.78439586
-0.10584071
-0.044827498
-0.17108853
-0.63689254
-0.18624968
0.0086936454
-0.37770387
-0.24870502
-0.057939068
-0.16465541
-0.61623176
-0.30139779
-0.30409173
0.11601064
0.046718911
0.17037363
0.57072783
0.59099897
0.2132734
0.38959828
0.0083137054
0.11416285
-0.058898851
0.60741593
0.7523876
-0.1802872
-0.30576892
1
0.62972135
0.43781256
0.82606233
0.62278702
0.44297466
0.53555019
0.81795815
-0.28153923
-0.24126802
-0.43781754
-0.43095715
1
1
0.69730605
0.62471788
0.67292818
0.61245018
0.56153627
0.61331539
1
0.69479074
0.41428366
0.44949893
0.70927599
0
0
0
0
0
0.06894399
0
0
0
0
0.027784211
0
0
0
0
0
0.091030731
0.058152474
0
0
0
0
0.00064110092
-0.023443313
0
0
0
0.078482056
0.07050213
0.060617899
0
0
0.055574094
0.047375627
0
0
0
0.047192607
0.063001864
0.02670516
0.051843112
0
0
0
0.049486692
0.023392586
0.039877738
0.028244479
0
0.07220173
0.083822322
0.091957752
0.061785394
0.042428973
0
0
0.077327355
0.05754794
0.038367047
-0.0083806963
0.0092223367
-0.014950723
0.010677883
0.061995399
0.057373269
0
0.061363569
0.078687596
0.051335794
0.060512432
0.033374219
0.013815195
0.035259548
0.062664645
0.081787567
0.053317677
0
0
0
0
0
0.037132174
0
0
0
0
0
0.16288777
0.14266085
0.13562328
0.13972616
0
0
0
0
0.062518694
0.025631647
0
0
0
0
0.13407971
0.1270401
0
0
0
0
0.35037793
0.2712395
0.17211429
0.23306187
0
0
0
0
0
0.35271108
0.19164927
0.20984675
0.23117965
0
0
0
0
-0.018033331
0.079276289
0
0
0
0
0.012670376
-0.048477905
0
0
0.2133341
0.16362807
0
0
0.091471032
0
0
0.1322698
0.11693852
0
0
0
0
0.10793749
0.10205836
0.096367364
0.095225052
0
0
0
0.11543366
0.088618794
0.09228669
0
0
0
0.085271729
0.068453967
0.05559613
0
0
0
0.10802089
0.10695918
0.076019183
0.08836145
0
0
0.13676175
0.13285857
0.12874496
0.33848093
0.19759635
0
0
0
0.093137508
0
0
0
0.098063425
0.12308234
0.12882895
0.061736177
0.1069717
0
0
0.016987115
-0.0073355961
0.012778392
0.026061736
0
0
-0.0025496379
0.014316434
0
0
0.076416944
0.0076738042
0.047229429
0.026192022
0.087070533
0.075880953
0.044418881
0.069240519
0
0.082879727
0.055514885
0
0
-0.057086174
0
-0.07049323
-0.024598356
-0.071608346
0.11511531
0.10502576
0.051226187
0.027625514
0.095155551
0.0485256
0.083645344
0.11349014
0.094367494
0.16118822
-0.2590472
-0.14193133
-0.2408856
-0.13491377
1
1
0.72433902
0.47944671
0.61097259
0.63714319
1
0.43587295
0.43299599
0.53889675
1
0.38112205
0.46037477
0.40046634
0.59812895
0.45414488
0.4421252
0.5911556
1
0.7549524
0.19559257
0.40820591
0.27560983
0.54647129
0.43869294
0.74832839
0.18430375
0.56076181
0.86859686
0.8573494
0.89492997
0.72117655
0.8010703
0.61230258
1
1
0.72416407
0.75939169
0.68825726
0.44483715
0.46042674
1
0.75708673
0.58459215
0.7444963
0.5060838
0.55623184
0.42416879
0.69863643
0.54737579
1
0.96282788
0.94448512
0.855318
0.95620219
0.95287292
0.74290233
0.82430632
0.86094677
1
0.25022888
0.45404901
0.81955077
1
1
0.81513929
0.86363048
1
0.22792701
0.46603492
0.77356395
0.85125289
0.8248542
-1
0.21398346
-0.19985937
-0.11333875
-0.58635464
-1
-1
0.12217973
0.054748085
-1
-0.78874005
-0.77239766
-0.13420877
-0.54756409
0.28168107
0.020625502
0.10595975
-0.48695107
-1
-0.3724402
-0.55787424
-0.49913188
-0.26341766
-0.59840589
-0.53335647
-1
-1
-0.3441723
-0.58271036
-0.4562922
-1
-1
-0.43448385
-1
-1
-0.37394044
-0.42272675
-0.4947232
-1
-0.3345961
-0.58768592
-0.40544817
-0.3583154
-0.38971138
-0.49873416
-0.45856409
-1
-0.45451948
-0.37980004
-0.44969012
-0.49187898
1
0.21563574
0.40125324
0.46397541
0.15379584
0.054543462
1
1
0.4567036
0.54284107
0.61860773
0.63167619
0.68135569
0.63242147
1
0.87289095
0.55582171
0.59964183
1
1
0.4166733
0.53233096
0.64015624
0.55825809
0.47508611
0.24746686
0.1697491
0.17368339
0.18991469
0.04604875
0.088358265
0.24701048
0.24862036
0.15536819
0.19131474
0.096648619
0.20075037
0.35863153
0.27914638
0.45299602
0.3966775
0.42556356
0.50384578
0.3965088
0.23981313
0.021084175
0.075772646
0.31684631
0.1769607
0.36562544
0.3320444
0.17664614
0.29521077
0.13760206
0.19477335
0.28633474
0.20005657
0.17203244
0.30166882
0.23401921
0.32935148
0.27819312
0.17412881
0.24739305
0.1307855
0.27501187
-0.042452624
0.069446488
-0.12713633
0.10334185
0.089714998
0.22521302
-0.098764298
0.079920463
0.19121826
0.24381079
0.27779
0.28677732
0.1801726
0.20970603
0.30023496
0.19858542
0.26987312
0.3055922
0.33207038
0.45270921
0.45387176
0.56921037
0.35680621
0.43030497
0.40558419
0.52444769
0.031371211
0.3884251
0.49633753
0.25074766
0.42392324
0.55037442
0.43047997
0.26533347
0.42561754
0.29235367
0.50887261
0.23373706
0.33211531
0.3765017
0.40525212
0.10871306
0.38104851
0.14996237
0.352479
0.14080392
0.1948781
0.35252411
0.31673659
0.21746967
0.22505126
0.29666765
0.11189993
0.22475322
0.13994884
0.25558619
0.27205265
0.56428206
0.46913413
0.36033345
0.43557411
0.59287591
0.51182199
0.6214596
0.3633922
0.56131747
0.43095226
0.43235553
0.036521566
0.072042399
-0.06030269
-0.025485163
0.0486403
-0.039785388
0.15215405
0.093527253
0.17246863
0.023271998
0.013635198
0.16989231
0.23400748
-0.060726163
0.073662948
0.13646198
0.069121671
0.022836856
-0.034091741
0.16128575
0.23517237
0.085617489
0.13371725
-0.14468659
-0.18745148
0.24087037
-0.065282892
0.38588912
0.44081314
0.64248393
0.47237909
0.66127886
0.34737023
0.59017525
0.50836368
0.47944791
0.18943209
0.55586535
0.28405905
0.55081412
0.056787449
0.29913084
0.40151124
0.26248854
0.27594782
0.21687957
0.2673059
0.36488363
0.14240279
0.29046392
0.28584649
0.31809589
0.2209003
0.12076755
0.23040938
0.33478708
0.30944331
0.27091559
0.24294941
0.3900139
0.29062517
-0.17414046
-0.004100476
-0.0055629304
-0.18593511
-0.19777013
-0.17861339
0.20409435
-0.062385013
-0.11021498
0.70994903
0.51266631
0.26637663
0.32552821
0.32555105
0.082654357
0.1655255
-0.12625105
0.074466489
0.084615046
-0.055663364
0.2633268
0.066771044
0.54293653
-0.029982269
0.37241004
0.38956042
0.42229379
-0.2531969
-0.25039104
0.15953915
0.30483009
0.2331539
0.15606213
0.34526002
0.33622645
0.18774221
0.16991675
0.18080118
