-10   -10   7.19999
-10   -9   6.54245
-10   -8   5.9383
-10   -7   5.38752
-10   -6   4.89012
-10   -5   4.44611
-10   -4   4.05546
-10   -3   3.7182
-10   -2   3.43432
-10   -1   3.20381
-10   0   3.02669
-10   1   2.90294
-10   2   2.83257
-10   3   2.81558
-10   4   2.85197
-10   5   2.94173
-10   6   3.08488
-10   7   3.2814
-10   8   3.53131
-10   9   3.83459
-10   10   4.19125
-9   -10   6.47448
-9   -9   5.83199
-9   -8   5.24288
-9   -7   4.70715
-9   -6   4.22479
-9   -5   3.79582
-9   -4   3.42022
-9   -3   3.098
-9   -2   2.82916
-9   -1   2.6137
-9   0   2.45162
-9   1   2.34291
-9   2   2.28759
-9   3   2.28564
-9   4   2.33707
-9   5   2.44188
-9   6   2.60007
-9   7   2.81164
-9   8   3.07658
-9   9   3.39491
-9   10   3.76661
-8   -10   5.80951
-8   -9   5.18206
-8   -8   4.60799
-8   -7   4.0873
-8   -6   3.61999
-8   -5   3.20606
-8   -4   2.84551
-8   -3   2.53833
-8   -2   2.28454
-8   -1   2.08412
-8   0   1.93708
-8   1   1.84342
-8   2   1.80314
-8   3   1.81623
-8   4   1.88271
-8   5   2.00256
-8   6   2.1758
-8   7   2.40241
-8   8   2.6824
-8   9   3.01577
-8   10   3.40251
-7   -10   5.20507
-7   -9   4.59266
-7   -8   4.03364
-7   -7   3.52799
-7   -6   3.07573
-7   -5   2.67684
-7   -4   2.33133
-7   -3   2.0392
-7   -2   1.80045
-7   -1   1.61507
-7   0   1.48308
-7   1   1.40446
-7   2   1.37922
-7   3   1.40736
-7   4   1.48888
-7   5   1.62378
-7   6   1.81206
-7   7   2.05371
-7   8   2.34874
-7   9   2.69716
-7   10   3.09895
-6   -10   4.66116
-6   -9   4.0638
-6   -8   3.51982
-6   -7   3.02922
-6   -6   2.592
-6   -5   2.20815
-6   -4   1.87769
-6   -3   1.6006
-6   -2   1.37689
-6   -1   1.20656
-6   0   1.08961
-6   1   1.02603
-6   2   1.01584
-6   3   1.05902
-6   4   1.15559
-6   5   1.30553
-6   6   1.50885
-6   7   1.76555
-6   8   2.07562
-6   9   2.43908
-6   10   2.85591
-5   -10   4.17779
-5   -9   3.59547
-5   -8   3.06653
-5   -7   2.59098
-5   -6   2.1688
-5   -5   1.8
-5   -4   1.48457
-5   -3   1.22253
-5   -2   1.01387
-5   -1   0.85858
-5   0   0.756672
-5   1   0.708143
-5   2   0.712992
-5   3   0.77122
-5   4   0.882826
-5   5   1.04781
-5   6   1.26617
-5   7   1.53792
-5   8   1.86304
-5   9   2.24154
-5   10   2.67342
-4   -10   3.75495
-4   -9   3.18768
-4   -8   2.67378
-4   -7   2.21327
-4   -6   1.80613
-4   -5   1.45238
-4   -4   1.152
-4   -3   0.904998
-4   -2   0.711377
-4   -1   0.571134
-4   0   0.48427
-4   1   0.450784
-4   2   0.470678
-4   3   0.543949
-4   4   0.670599
-4   5   0.850628
-4   6   1.08404
-4   7   1.37082
-4   8   1.71099
-4   9   2.10453
-4   10   2.55145
-3   -10   3.39264
-3   -9   2.84041
-3   -8   2.34157
-3   -7   1.89609
-3   -6   1.504
-3   -5   1.16529
-3   -4   0.879955
-3   -3   0.647999
-3   -2   0.469421
-3   -1   0.344222
-3   0   0.272402
-3   1   0.25396
-3   2   0.288897
-3   3   0.377212
-3   4   0.518906
-3   5   0.713978
-3   6   0.962429
-3   7   1.26426
-3   8   1.61947
-3   9   2.02805
-3   10   2.49002
-2   -10   3.09087
-2   -9   2.55369
-2   -8   2.06988
-2   -7   1.63945
-2   -6   1.26241
-2   -5   0.938737
-2   -4   0.668446
-2   -3   0.451533
-2   -2   0.288
-2   -1   0.177844
-2   0   0.121068
-2   1   0.117669
-2   2   0.16765
-2   3   0.271009
-2   4   0.427746
-2   5   0.637863
-2   6   0.901357
-2   7   1.21823
-2   8   1.58848
-2   9   2.01211
-2   10   2.48912
-1   -10   2.84963
-1   -9   2.32749
-1   -8   1.85873
-1   -7   1.44335
-1   -6   1.08134
-1   -5   0.772718
-1   -4   0.51747
-1   -3   0.315602
-1   -2   0.167111
-1   -1   0.0719999
-1   0   0.0302669
-1   1   0.0419125
-1   2   0.106937
-1   3   0.225339
-1   4   0.397121
-1   5   0.62228
-1   6   0.900819
-1   7   1.23274
-1   8   1.61803
-1   9   2.05671
-1   10   2.54876
0   -10   2.66893
0   -9   2.16183
0   -8   1.70811
0   -7   1.30778
0   -6   0.960814
0   -5   0.667232
0   -4   0.427029
0   -3   0.240204
0   -2   0.106757
0   -1   0.0266893
0   0   0
0   1   0.0266893
0   2   0.106757
0   3   0.240204
0   4   0.427029
0   5   0.667232
0   6   0.960814
0   7   1.30778
0   8   1.70811
0   9   2.16183
0   10   2.66893
1   -10   2.54876
1   -9   2.05671
1   -8   1.61803
1   -7   1.23274
1   -6   0.900819
1   -5   0.62228
1   -4   0.397121
1   -3   0.225339
1   -2   0.106937
1   -1   0.0419125
1   0   0.0302669
1   1   0.0719999
1   2   0.167111
1   3   0.315602
1   4   0.51747
1   5   0.772718
1   6   1.08134
1   7   1.44335
1   8   1.85873
1   9   2.32749
1   10   2.84963
2   -10   2.48912
2   -9   2.01211
2   -8   1.58848
2   -7   1.21823
2   -6   0.901357
2   -5   0.637863
2   -4   0.427746
2   -3   0.271009
2   -2   0.16765
2   -1   0.117669
2   0   0.121068
2   1   0.177844
2   2   0.288
2   3   0.451533
2   4   0.668446
2   5   0.938737
2   6   1.26241
2   7   1.63945
2   8   2.06988
2   9   2.55369
2   10   3.09087
3   -10   2.49002
3   -9   2.02805
3   -8   1.61947
3   -7   1.26426
3   -6   0.962429
3   -5   0.713978
3   -4   0.518906
3   -3   0.377212
3   -2   0.288897
3   -1   0.25396
3   0   0.272402
3   1   0.344222
3   2   0.469421
3   3   0.647999
3   4   0.879955
3   5   1.16529
3   6   1.504
3   7   1.89609
3   8   2.34157
3   9   2.84041
3   10   3.39264
4   -10   2.55145
4   -9   2.10453
4   -8   1.71099
4   -7   1.37082
4   -6   1.08404
4   -5   0.850628
4   -4   0.670599
4   -3   0.543949
4   -2   0.470678
4   -1   0.450784
4   0   0.48427
4   1   0.571134
4   2   0.711377
4   3   0.904998
4   4   1.152
4   5   1.45238
4   6   1.80613
4   7   2.21327
4   8   2.67378
4   9   3.18768
4   10   3.75495
5   -10   2.67342
5   -9   2.24154
5   -8   1.86304
5   -7   1.53792
5   -6   1.26617
5   -5   1.04781
5   -4   0.882826
5   -3   0.77122
5   -2   0.712992
5   -1   0.708143
5   0   0.756672
5   1   0.85858
5   2   1.01387
5   3   1.22253
5   4   1.48457
5   5   1.8
5   6   2.1688
5   7   2.59098
5   8   3.06653
5   9   3.59547
5   10   4.17779
6   -10   2.85591
6   -9   2.43908
6   -8   2.07562
6   -7   1.76555
6   -6   1.50885
6   -5   1.30553
6   -4   1.15559
6   -3   1.05902
6   -2   1.01584
6   -1   1.02603
6   0   1.08961
6   1   1.20656
6   2   1.37689
6   3   1.6006
6   4   1.87769
6   5   2.20815
6   6   2.592
6   7   3.02922
6   8   3.51982
6   9   4.0638
6   10   4.66116
7   -10   3.09895
7   -9   2.69716
7   -8   2.34874
7   -7   2.05371
7   -6   1.81206
7   -5   1.62378
7   -4   1.48888
7   -3   1.40736
7   -2   1.37922
7   -1   1.40446
7   0   1.48308
7   1   1.61507
7   2   1.80045
7   3   2.0392
7   4   2.33133
7   5   2.67684
7   6   3.07573
7   7   3.52799
7   8   4.03364
7   9   4.59266
7   10   5.20507
8   -10   3.40251
8   -9   3.01577
8   -8   2.6824
8   -7   2.40241
8   -6   2.1758
8   -5   2.00256
8   -4   1.88271
8   -3   1.81623
8   -2   1.80314
8   -1   1.84342
8   0   1.93708
8   1   2.08412
8   2   2.28454
8   3   2.53833
8   4   2.84551
8   5   3.20606
8   6   3.61999
8   7   4.0873
8   8   4.60799
8   9   5.18206
8   10   5.80951
9   -10   3.76661
9   -9   3.39491
9   -8   3.07658
9   -7   2.81164
9   -6   2.60007
9   -5   2.44188
9   -4   2.33707
9   -3   2.28564
9   -2   2.28759
9   -1   2.34291
9   0   2.45162
9   1   2.6137
9   2   2.82916
9   3   3.098
9   4   3.42022
9   5   3.79582
9   6   4.22479
9   7   4.70715
9   8   5.24288
9   9   5.83199
9   10   6.47448
10   -10   4.19125
10   -9   3.83459
10   -8   3.53131
10   -7   3.2814
10   -6   3.08488
10   -5   2.94173
10   -4   2.85197
10   -3   2.81558
10   -2   2.83257
10   -1   2.90294
10   0   3.02669
10   1   3.20381
10   2   3.43432
10   3   3.7182
10   4   4.05546
10   5   4.44611
10   6   4.89012
10   7   5.38752
10   8   5.9383
10   9   6.54245
10   10   7.19999
